 Waypoint: -118.127907, 34.140822 
 Waypoint: -118.121484, 34.141652 
 Waypoint: -118.121467, 34.136052 
 Waypoint: -118.127857, 34.136092 